{"name":"triclinic","rho":8938.4,"C":[[2.0787E+11,1.0906E+11,9.341E+10,1.657E+10,-1.6149999999999998E+10,-2.318E+10],[1.0906E+11,1.677E+11,1.3624000000000002E+11,-2.472E+10,1.128E+10,8.68E+9],[9.341E+10,1.3624000000000002E+11,1.8591E+11,8.140000000000001E+9,8.210000000000001E+9,1.45E+10],[1.657E+10,-2.472E+10,8.140000000000001E+9,1.0023E+11,1.45E+10,5.84E+9],[-1.6149999999999998E+10,1.128E+10,8.210000000000001E+9,1.45E+10,3.511E+10,1.657E+10],[-2.318E+10,8.68E+9,1.45E+10,5.84E+9,1.657E+10,5.947E+10]],"symmetry":"triclinic","source":"F. Hernando Quintanilla, M. J. S. Lowe, and R. V. Craster, “Modeling guided elastic waves in generally anisotropic media using a spectral collocation method,” The Journal of the Acoustical Society of America, vol. 137, no. 3, pp. 1180–1194, Mar. 2015, doi: 10.1121/1.4913777."}