{
  "name": "triclinic",
  "rho": 8938.4,
  "C": [
    [
      2.0787000000015314E+11,
      9.3410000000003464E+10,
      1.0905999999975963E+11,
      -1.6570000000021492E+10,
      -2.3180000000077755E+10,
      1.6150000000120607E+10
    ],
    [
      9.3410000000003464E+10,
      1.8591000000005283E+11,
      1.3624000000022012E+11,
      -8.140000000057025E+9,
      1.449999999993107E+10,
      -8.2100000002093544E+9
    ],
    [
      1.0905999999975963E+11,
      1.3624000000022012E+11,
      1.67700000000153E+11,
      2.4719999999883186E+10,
      8.6800000001466846E+9,
      -1.1280000000015549E+10
    ],
    [
      -1.6570000000021492E+10,
      -8.140000000057025E+9,
      2.4719999999883186E+10,
      1.0023000000001016E+11,
      -5.8399999999002733E+9,
      1.449999999993107E+10
    ],
    [
      -2.3180000000077755E+10,
      1.449999999993107E+10,
      8.6800000001466846E+9,
      -5.8399999999002733E+9,
      5.9469999999883926E+10,
      -1.6570000000021492E+10
    ],
    [
      1.6150000000120607E+10,
      -8.2100000002093544E+9,
      -1.1280000000015549E+10,
      1.449999999993107E+10,
      -1.6570000000021492E+10,
      3.5110000000060516E+10
    ]
  ],
  "symmetry": "triclinic", 
  "source": "F. Hernando Quintanilla, M. J. S. Lowe, and R. V. Craster, “Modeling guided elastic waves in generally anisotropic media using a spectral collocation method,” The Journal of the Acoustical Society of America, vol. 137, no. 3, pp. 1180–1194, Mar. 2015, doi: 10.1121/1.4913777.", 
  "note": "Rotated -90° around ex for GEWtool v2.0"
}